        Frequency / GHz                RCS (square meters),Theta=theta,Phi=270pi180 (5)/real
----------------------------------------------------------------------
                       8                       4.3461804
                    8.04                        4.379156
                    8.08                       4.4161769
                    8.12                       4.4504751
                    8.16                       4.4893783
                     8.2                       4.5256301
                    8.24                        4.566269
                    8.28                       4.6036989
                    8.32                       4.6451704
                    8.36                       4.6832836
                     8.4                       4.7256636
                    8.44                       4.7648513
                    8.48                       4.8084595
                    8.52                       4.8485858
                    8.56                       4.8927819
                     8.6                       4.9325529
                    8.64                       4.9754478
                    8.68                       5.0158643
                    8.72                       5.0599931
                    8.76                       5.0977302
                     8.8                       5.1392307
                    8.84                       5.1781903
                    8.88                        5.220679
                    8.92                       5.2561193
                    8.96                       5.2950385
                       9                       5.3311714
                    9.04                       5.3710805
                    9.08                       5.4040835
                    9.12                       5.4410667
                    9.16                       5.4754129
                     9.2                       5.5136744
                    9.24                       5.5447478
                    9.28                       5.5798352
                    9.32                       5.6123418
                    9.36                       5.6491791
                     9.4                       5.6791052
                    9.44                       5.7135294
                    9.48                       5.7455249
                    9.52                       5.7819643
                    9.56                       5.8112887
                     9.6                       5.8452192
                    9.64                       5.8768847
                    9.68                       5.9135253
                    9.72                       5.9433672
                    9.76                       5.9783128
                     9.8                       6.0111289
                    9.84                       6.0490217
                    9.88                       6.0798897
                    9.92                        6.116031
                    9.96                       6.1502855
                      10                       6.1902093
                   10.04                       6.2234438
                   10.08                       6.2623914
                   10.12                       6.2994337
                   10.16                       6.3421362
                    10.2                       6.3777962
                   10.24                       6.4193305
                   10.28                       6.4592256
                   10.32                       6.5053545
                   10.36                       6.5446561
                    10.4                       6.5899853
                   10.44                       6.6332346
                   10.48                       6.6822041
                   10.52                       6.7234737
                   10.56                       6.7706063
                    10.6                       6.8155954
                   10.64                       6.8667004
                   10.68                       6.9098605
                   10.72                       6.9584755
                   10.76                       7.0037187
                    10.8                       7.0538705
                   10.84                       7.0948484
                   10.88                       7.1412781
                   10.92                        7.184959
                   10.96                       7.2346726
                      11                       7.2754227
                   11.04                       7.3209977
                   11.08                       7.3618144
                   11.12                       7.4066128
                   11.16                       7.4411905
                    11.2                       7.4815469
                   11.24                       7.5195424
                   11.28                       7.5636876
                   11.32                       7.5963943
                   11.36                       7.6287868
                    11.4                       7.6476732
                   11.44                       7.6604117
                   11.48                       7.6539216
                   11.52                       7.6506365
                   11.56                       7.6517487
                    11.6                       7.6772513
                   11.64                       7.7184618
                   11.68                       7.7908504
                   11.72                       7.8774151
                   11.76                       7.9754179
                    11.8                       8.0559237
                   11.84                       8.1269323
                   11.88                       8.1778697
                   11.92                       8.2253168
                   11.96                       8.2623349
                      12                       8.3135276

        Frequency / GHz                RCS (square meters),Theta=theta,Phi=270pi180 (6)/real
----------------------------------------------------------------------
                       8                       4.3445181
                    8.04                       4.3805928
                    8.08                       4.4131277
                    8.12                       4.4522915
                    8.16                       4.4887446
                     8.2                       4.5273773
                    8.24                       4.5632683
                    8.28                       4.6054042
                    8.32                       4.6439813
                    8.36                       4.6852145
                     8.4                       4.7239227
                    8.44                       4.7682625
                    8.48                       4.8081962
                    8.52                       4.8510745
                    8.56                        4.891174
                     8.6                       4.9361361
                    8.64                        4.975829
                    8.68                       5.0186341
                    8.72                       5.0581776
                    8.76                       5.1018286
                     8.8                       5.1396025
                    8.84                       5.1807444
                    8.88                       5.2182957
                    8.92                        5.259458
                    8.96                       5.2945516
                       9                       5.3335132
                    9.04                       5.3687245
                    9.08                       5.4073028
                    9.12                       5.4399587
                    9.16                       5.4770752
                     9.2                       5.5103339
                    9.24                       5.5468437
                    9.28                         5.57764
                    9.32                       5.6135482
                    9.36                        5.645369
                     9.4                       5.6803302
                    9.44                       5.7099207
                    9.48                        5.745213
                    9.52                       5.7760588
                    9.56                       5.8099301
                     9.6                       5.8388726
                    9.64                        5.874055
                    9.68                        5.904205
                    9.72                       5.9371326
                    9.76                       5.9656821
                     9.8                       6.0007655
                    9.84                       6.0294859
                    9.88                       6.0601841
                    9.92                       6.0867424
                    9.96                       6.1186432
                      10                       6.1396295
                   10.04                       6.1582736
                   10.08                       6.1680061
                   10.12                       6.1690514
                   10.16                       6.1361536
                    10.2                       6.0916757
                   10.24                       6.0799798
                   10.28                       6.1539015
                   10.32                       6.2811998
                   10.36                       6.4106611
                    10.4                        6.500367
                   10.44                       6.5743244
                   10.48                       6.6393121
                   10.52                       6.7042268
                   10.56                        6.753458
                    10.6                       6.8064622
                   10.64                       6.8572457
                   10.68                       6.9108612
                   10.72                       6.9548169
                   10.76                       7.0060102
                    10.8                       7.0537486
                   10.84                         7.10392
                   10.88                       7.1457766
                   10.92                       7.1957597
                   10.96                       7.2410176
                      11                       7.2883757
                   11.04                       7.3285342
                   11.08                       7.3774752
                   11.12                       7.4204262
                   11.16                       7.4654039
                    11.2                       7.5043524
                   11.24                         7.55262
                   11.28                       7.5935463
                   11.32                       7.6366656
                   11.36                       7.6751118
                    11.4                        7.723101
                   11.44                       7.7622596
                   11.48                       7.8040772
                   11.52                       7.8429547
                   11.56                       7.8911485
                    11.6                       7.9288769
                   11.64                       7.9702538
                   11.68                       8.0107897
                   11.72                       8.0598715
                   11.76                       8.0966185
                    11.8                       8.1389316
                   11.84                       8.1827269
                   11.88                       8.2333236
                   11.92                       8.2696271
                   11.96                       8.3148117
                      12                       8.3637353

        Frequency / GHz                RCS (square meters),Theta=theta,Phi=270pi180 (7)/real
----------------------------------------------------------------------
                       8                       4.3467761
                    8.04                       4.3832694
                    8.08                       4.4176867
                    8.12                       4.4541192
                    8.16                       4.4930812
                     8.2                       4.5306596
                    8.24                       4.5684521
                    8.28                       4.6091102
                    8.32                       4.6496935
                    8.36                       4.6892561
                     8.4                       4.7308412
                    8.44                       4.7735255
                    8.48                       4.8147564
                    8.52                       4.8564746
                    8.56                       4.8997839
                     8.6                       4.9423574
                    8.64                       4.9844574
                    8.68                        5.024899
                    8.72                       5.0657117
                    8.76                       5.1075351
                     8.8                       5.1487245
                    8.84                       5.1872852
                    8.88                       5.2247518
                    8.92                       5.2643741
                    8.96                        5.303841
                       9                       5.3391107
                    9.04                       5.3735961
                    9.08                       5.4117269
                    9.12                       5.4488892
                    9.16                       5.4810592
                     9.2                       5.5140483
                    9.24                        5.551005
                    9.28                       5.5856389
                    9.32                       5.6160917
                    9.36                       5.6486466
                     9.4                       5.6840292
                    9.44                       5.7167805
                    9.48                       5.7470939
                    9.52                       5.7791789
                    9.56                       5.8127249
                     9.6                       5.8451107
                    9.64                       5.8760103
                    9.68                       5.9066188
                    9.72                       5.9388787
                    9.76                       5.9721325
                     9.8                        6.002003
                    9.84                       6.0291684
                    9.88                       6.0600188
                    9.92                       6.0907317
                    9.96                       6.1106177
                      10                       6.1242725
                   10.04                       6.1365087
                   10.08                        6.123373
                   10.12                       6.0733877
                   10.16                       6.0474624
                    10.2                        6.107355
                   10.24                       6.2355302
                   10.28                        6.360602
                   10.32                       6.4464969
                   10.36                       6.5116608
                    10.4                       6.5728233
                   10.44                       6.6283497
                   10.48                       6.6801721
                   10.52                       6.7320371
                   10.56                       6.7858645
                    10.6                       6.8246144
                   10.64                       6.8769844
                   10.68                       6.9282833
                   10.72                       6.9762493
                   10.76                       7.0157111
                    10.8                        7.068804
                   10.84                       7.1166067
                   10.88                       7.1624982
                   10.92                       7.2023731
                   10.96                       7.2530923
                      11                       7.2972319
                   11.04                       7.3430892
                   11.08                       7.3820147
                   11.12                       7.4289169
                   11.16                       7.4717964
                    11.2                       7.5183394
                   11.24                       7.5543038
                   11.28                       7.5986287
                   11.32                       7.6427316
                   11.36                        7.688503
                    11.4                       7.7207924
                   11.44                        7.765692
                   11.48                       7.8113337
                   11.52                       7.8541356
                   11.56                       7.8851259
                    11.6                       7.9333709
                   11.64                       7.9781941
                   11.68                       8.0182754
                   11.72                       8.0525844
                   11.76                       8.1037134
                    11.8                       8.1454117
                   11.84                       8.1873461
                   11.88                       8.2279907
                   11.92                       8.2781007
                   11.96                       8.3186549
                      12                       8.3691125

        Frequency / GHz                RCS (square meters),Theta=theta,Phi=270pi180 (8)/real
----------------------------------------------------------------------
                       8                       4.3495143
                    8.04                       4.3807618
                    8.08                       4.4174825
                    8.12                       4.4594079
                    8.16                       4.4900498
                     8.2                       4.5309636
                    8.24                       4.5720948
                    8.28                       4.6093165
                    8.32                       4.6472244
                    8.36                       4.6943517
                     8.4                       4.7303757
                    8.44                       4.7722213
                    8.48                       4.8169039
                    8.52                       4.8583013
                    8.56                       4.8951409
                     8.6                       4.9436379
                    8.64                       4.9806969
                    8.68                       5.0176666
                    8.72                       5.0588833
                    8.76                       5.0942248
                     8.8                        5.112549
                    8.84                       5.1370919
                    8.88                       5.1181776
                    8.92                       5.0378601
                    8.96                       4.9883641
                       9                       5.0711249
                    9.04                       5.2107903
                    9.08                        5.312874
                    9.12                       5.3724114
                    9.16                       5.4325468
                     9.2                       5.4790774
                    9.24                       5.5201965
                    9.28                       5.5592765
                    9.32                       5.6010727
                    9.36                       5.6332785
                     9.4                       5.6719682
                    9.44                       5.7062845
                    9.48                       5.7418103
                    9.52                       5.7739157
                    9.56                       5.8116775
                     9.6                       5.8424084
                    9.64                       5.8785154
                    9.68                       5.9112899
                    9.72                       5.9472811
                    9.76                        5.978781
                     9.8                       6.0167616
                    9.84                       6.0489971
                    9.88                       6.0861909
                    9.92                       6.1202256
                    9.96                       6.1588954
                      10                       6.1925374
                   10.04                       6.2329473
                   10.08                       6.2684789
                   10.12                       6.3088117
                   10.16                       6.3449465
                    10.2                         6.38931
                   10.24                       6.4280418
                   10.28                       6.4733448
                   10.32                       6.5143574
                   10.36                       6.5604133
                    10.4                       6.6025554
                   10.44                       6.6512529
                   10.48                       6.6942976
                   10.52                       6.7439208
                   10.56                        6.792966
                    10.6                       6.8351297
                   10.64                       6.8843024
                   10.68                       6.9290923
                   10.72                       6.9786402
                   10.76                        7.022227
                    10.8                       7.0722791
                   10.84                       7.1156622
                   10.88                       7.1638988
                   10.92                       7.2070951
                   10.96                       7.2552748
                      11                       7.2963541
                   11.04                        7.344093
                   11.08                         7.38543
                   11.12                       7.4311638
                   11.16                       7.4717121
                    11.2                       7.5182235
                   11.24                       7.5569743
                   11.28                       7.6024642
                   11.32                       7.6423935
                   11.36                       7.6865311
                    11.4                       7.7249767
                   11.44                       7.7708058
                   11.48                       7.8084414
                   11.52                       7.8524852
                   11.56                       7.8921209
                    11.6                       7.9363127
                   11.64                       7.9736635
                   11.68                       8.0203078
                   11.72                       8.0589533
                   11.76                       8.1030195
                    11.8                       8.1441633
                   11.84                       8.1911731
                   11.88                       8.2294115
                   11.92                       8.2787664
                   11.96                       8.3218667
                      12                       8.3682702

        Frequency / GHz                RCS (square meters),Theta=theta,Phi=270pi180 (9)/real
----------------------------------------------------------------------
                       8                       4.3470174
                    8.04                       4.3861514
                    8.08                       4.4223232
                    8.12                       4.4574849
                    8.16                       4.4959854
                     8.2                         4.53612
                    8.24                       4.5705811
                    8.28                       4.6151502
                    8.32                       4.6521723
                    8.36                       4.6934042
                     8.4                       4.7358067
                    8.44                       4.7770729
                    8.48                       4.8170896
                    8.52                       4.8636303
                    8.56                       4.9009576
                     8.6                       4.9463578
                    8.64                       4.9877118
                    8.68                       5.0280462
                    8.72                       5.0695717
                    8.76                       5.1119081
                     8.8                       5.1463136
                    8.84                        5.190503
                    8.88                       5.2232415
                    8.92                       5.2582011
                    8.96                       5.2926393
                       9                        5.315142
                    9.04                        5.328358
                    9.08                        5.322692
                    9.12                       5.2412776
                    9.16                       5.1872154
                     9.2                       5.2714193
                    9.24                       5.4167394
                    9.28                       5.5029985
                    9.32                       5.5645891
                    9.36                       5.6170039
                     9.4                       5.6594499
                    9.44                       5.6968462
                    9.48                       5.7387411
                    9.52                       5.7701033
                    9.56                       5.8088187
                     9.6                       5.8419729
                    9.64                        5.877138
                    9.68                       5.9105191
                    9.72                       5.9471833
                    9.76                       5.9783429
                     9.8                       6.0168563
                    9.84                       6.0489309
                    9.88                       6.0865008
                    9.92                       6.1211364
                    9.96                       6.1593078
                      10                       6.1941521
                   10.04                       6.2352923
                   10.08                       6.2706048
                   10.12                       6.3134132
                   10.16                       6.3521861
                    10.2                       6.3933292
                   10.24                       6.4326005
                   10.28                       6.4772929
                   10.32                        6.517147
                   10.36                       6.5645341
                    10.4                        6.606151
                   10.44                       6.6538759
                   10.48                       6.6978233
                   10.52                       6.7458349
                   10.56                       6.7923307
                    10.6                       6.8387928
                   10.64                       6.8886862
                   10.68                        6.934052
                   10.72                       6.9846918
                   10.76                        7.028181
                    10.8                        7.078526
                   10.84                       7.1219611
                   10.88                       7.1699559
                   10.92                       7.2133593
                   10.96                       7.2606636
                      11                       7.3016416
                   11.04                       7.3495425
                   11.08                       7.3891554
                   11.12                       7.4352052
                   11.16                       7.4758425
                    11.2                       7.5200077
                   11.24                       7.5596543
                   11.28                       7.6051653
                   11.32                       7.6423522
                   11.36                       7.6881125
                    11.4                       7.7264609
                   11.44                       7.7695639
                   11.48                       7.8095397
                   11.52                       7.8533143
                   11.56                       7.8906593
                    11.6                       7.9376881
                   11.64                       7.9745818
                   11.68                       8.0198819
                   11.72                       8.0613209
                   11.76                       8.1047294
                    11.8                       8.1459699
                   11.84                       8.1947904
                   11.88                       8.2322837
                   11.92                       8.2835758
                   11.96                       8.3262513
                      12                       8.3721378

        Frequency / GHz                RCS (square meters),Theta=theta,Phi=270pi180 (10)/real
----------------------------------------------------------------------
                       8                       4.2661815
                    8.04                       4.2201339
                    8.08                       4.2189513
                    8.12                       4.2915184
                    8.16                       4.3960368
                     8.2                       4.4886278
                    8.24                       4.5427262
                    8.28                       4.5824874
                    8.32                        4.622618
                    8.36                       4.6740112
                     8.4                       4.7197778
                    8.44                        4.762953
                    8.48                       4.8010206
                    8.52                       4.8467099
                    8.56                       4.8906479
                     8.6                       4.9362074
                    8.64                       4.9750889
                    8.68                       5.0182888
                    8.72                       5.0591403
                    8.76                       5.1037516
                     8.8                       5.1420216
                    8.84                       5.1830026
                    8.88                       5.2201769
                    8.92                       5.2619336
                    8.96                        5.298336
                       9                       5.3373357
                    9.04                       5.3714376
                    9.08                       5.4101552
                    9.12                       5.4443761
                    9.16                       5.4818412
                     9.2                       5.5139392
                    9.24                       5.5503847
                    9.28                       5.5826607
                    9.32                       5.6190289
                    9.36                       5.6500576
                     9.4                       5.6852413
                    9.44                       5.7161514
                    9.48                       5.7518337
                    9.52                       5.7825796
                    9.56                       5.8175618
                     9.6                       5.8480129
                    9.64                       5.8837106
                    9.68                       5.9149178
                    9.72                        5.950787
                    9.76                       5.9819678
                     9.8                       6.0185711
                    9.84                       6.0510739
                    9.88                       6.0888005
                    9.92                       6.1218685
                    9.96                       6.1604328
                      10                       6.1950422
                   10.04                       6.2355274
                   10.08                       6.2716189
                   10.12                       6.3135764
                   10.16                       6.3517995
                    10.2                       6.3938721
                   10.24                       6.4325236
                   10.28                       6.4770983
                   10.32                       6.5172719
                   10.36                       6.5638115
                    10.4                       6.6060573
                   10.44                       6.6541329
                   10.48                       6.6970551
                   10.52                       6.7455734
                   10.56                       6.7921693
                    10.6                       6.8382487
                   10.64                       6.8889296
                   10.68                       6.9336265
                   10.72                       6.9839025
                   10.76                       7.0285306
                    10.8                       7.0783474
                   10.84                       7.1216318
                   10.88                       7.1701054
                   10.92                       7.2126935
                   10.96                       7.2608176
                      11                       7.3022849
                   11.04                       7.3488139
                   11.08                       7.3891613
                   11.12                       7.4355353
                   11.16                       7.4755736
                    11.2                        7.520792
                   11.24                       7.5594491
                   11.28                       7.6043982
                   11.32                       7.6435277
                   11.36                        7.688315
                    11.4                       7.7261431
                   11.44                       7.7702037
                   11.48                       7.8088044
                   11.52                       7.8540026
                   11.56                       7.8921825
                    11.6                       7.9362716
                   11.64                       7.9747363
                   11.68                       8.0209861
                   11.72                       8.0608204
                   11.76                       8.1063113
                    11.8                       8.1453821
                   11.84                       8.1929215
                   11.88                       8.2353405
                   11.92                       8.2838659
                   11.96                       8.3247098
                      12                       8.3736414

        Frequency / GHz                RCS (square meters),Theta=theta,Phi=270pi180 (11)/real
----------------------------------------------------------------------
                       8                       4.3468041
                    8.04                       4.3914461
                    8.08                        4.419488
                    8.12                       4.4518004
                    8.16                       4.5005044
                     8.2                       4.5327874
                    8.24                       4.5567536
                    8.28                       4.6027061
                    8.32                       4.6183697
                    8.36                       4.5577207
                     8.4                       4.5142981
                    8.44                       4.5884207
                    8.48                       4.7217559
                    8.52                       4.8112922
                    8.56                       4.8610821
                     8.6                       4.9157675
                    8.64                       4.9703706
                    8.68                       5.0103526
                    8.72                       5.0524987
                    8.76                       5.1008106
                     8.8                       5.1424403
                    8.84                       5.1795779
                    8.88                        5.220462
                    8.92                       5.2616976
                    8.96                       5.2993817
                       9                       5.3358621
                    9.04                       5.3725352
                    9.08                       5.4096261
                    9.12                       5.4465331
                    9.16                       5.4807821
                     9.2                       5.5138778
                    9.24                       5.5499286
                    9.28                       5.5859903
                    9.32                       5.6176302
                    9.36                       5.6494412
                     9.4                       5.6853996
                    9.44                        5.720054
                    9.48                       5.7504837
                    9.52                        5.782553
                    9.56                       5.8182369
                     9.6                       5.8521741
                    9.64                       5.8831784
                    9.68                       5.9158996
                    9.72                       5.9516121
                    9.76                       5.9864834
                     9.8                       6.0189703
                    9.84                       6.0525353
                    9.88                       6.0895592
                    9.92                       6.1266452
                    9.96                       6.1608479
                      10                       6.1960532
                   10.04                       6.2357371
                   10.08                       6.2753975
                   10.12                        6.311507
                   10.16                       6.3486916
                    10.2                        6.393052
                   10.24                       6.4329256
                   10.28                       6.4767716
                   10.32                       6.5229975
                   10.36                       6.5662644
                    10.4                        6.608695
                   10.44                       6.6560434
                   10.48                       6.7054507
                   10.52                       6.7513247
                   10.56                       6.7972556
                    10.6                       6.8464106
                   10.64                       6.8904637
                   10.68                       6.9400226
                   10.72                       6.9845318
                   10.76                       7.0341992
                    10.8                       7.0774501
                   10.84                       7.1265487
                   10.88                        7.169634
                   10.92                        7.217364
                   10.96                       7.2591984
                      11                       7.3069197
                   11.04                       7.3476906
                   11.08                       7.3938987
                   11.12                       7.4345981
                   11.16                       7.4804871
                    11.2                         7.51949
                   11.24                       7.5651594
                   11.28                       7.6044852
                   11.32                         7.64876
                   11.36                        7.687328
                    11.4                       7.7325369
                   11.44                       7.7702824
                   11.48                       7.8143778
                   11.52                       7.8532966
                   11.56                       7.8975528
                    11.6                       7.9350126
                   11.64                       7.9805671
                   11.68                       8.0194716
                   11.72                       8.0635713
                   11.76                       8.1032633
                    11.8                       8.1505157
                   11.84                        8.189286
                   11.88                       8.2362416
                   11.92                       8.2794564
                   11.96                        8.327455
                      12                       8.3688391

